,County,2012 Pop,2012 Household Income,2017 Pop,2017 Household Income,Pop Growth,Income Growth,Pop Growth %,Income Growth %
1,"Baldwin County, Alabama",183226,50706,203360,52562,20134,1856,9.900668764752165,3.6603163333727764
36,"Jefferson County, Alabama",658464,45415,659460,49321,996,3906,0.15103266308798108,8.600682593856655
44,"Madison County, Alabama",334661,58242,353213,61318,18552,3076,5.252354811402752,5.281412039421723
70,"Weld County, Colorado",253552,56589,285729,66489,32177,9900,11.261370039442967,17.494566081747337
72,"Fairfield County, Connecticut",918892,82614,947328,89773,28436,7159,3.001705850560735,8.66560147190549
73,"Hartford County, Connecticut",893504,64752,897417,69936,3913,5184,0.4360291815287653,8.005930318754633
76,"New Haven County, Connecticut",860995,62234,862127,64872,1132,2638,0.1313031606712236,4.238840505190089
77,"New London County, Connecticut",273723,68310,270772,69411,-2951,1101,-1.0898468083849142,1.6117698726394378
81,"New Castle County, Delaware",539665,64670,555036,68336,15371,3666,2.769369914744269,5.668779959795887
82,"Sussex County, Delaware",197681,52692,215551,57901,17870,5209,8.29038139465834,9.885751157670994
83,"District of Columbia, District of Columbia",605759,64267,672391,77649,66632,13382,9.90971027274309,20.822506107333467
84,"Alachua County, Florida",247973,42818,259865,45478,11892,2660,4.57622226925519,6.212340604418702
88,"Brevard County, Florida",544019,49099,568183,51536,24164,2437,4.25285515406128,4.963441210615287
89,"Broward County, Florida",1761993,51603,1890416,54895,128423,3292,6.79337246405024,6.379474061585566
93,"Clay County, Florida",190891,59649,203291,61971,12400,2322,6.099630578825428,3.8927727204144245
94,"Collier County, Florida",323548,56104,356774,62407,33226,6303,9.312898361427683,11.234493084272067
98,"Duval County, Florida",866431,48906,912043,51296,45612,2390,5.00107999293893,4.886925939557518
99,"Escambia County, Florida",298864,43806,309924,47361,11060,3555,3.568616822188666,8.115326667579783
111,"Hillsborough County, Florida",1238365,49450,1351087,53742,112722,4292,8.343060069410777,8.679474216380182
117,"Lake County, Florida",297995,45663,326215,49734,28220,4071,8.65073647747651,8.915314368306944
118,"Lee County, Florida",624155,48453,700165,52052,76010,3599,10.856012511336614,7.4278166470600375
119,"Leon County, Florida",276506,45915,285890,49941,9384,4026,3.2823813354786804,8.768376347598823
123,"Manatee County, Florida",324834,47910,363542,53408,38708,5498,10.647463016652821,11.47568357336673
124,"Marion County, Florida",331987,39770,343778,41964,11791,2194,3.4298297156886126,5.51672114659291
126,"Miami-Dade County, Florida",2512219,43464,2702602,46338,190383,2874,7.044433475591301,6.612368856985092
131,"Orange County, Florida",1153795,48429,1290216,51586,136421,3157,10.573500871171959,6.518821367362531
132,"Osceola County, Florida",272355,44887,325168,47343,52813,2456,16.24175810657875,5.471517365829751
133,"Palm Beach County, Florida",1324085,52806,1426772,57256,102687,4450,7.19715553711455,8.427072681134721
134,"Pasco County, Florida",465276,43787,498136,48289,32860,4502,6.5965920953313955,10.28159042638226
135,"Pinellas County, Florida",917389,46051,949842,48968,32453,2917,3.416673509910069,6.334281557403748
136,"Polk County, Florida",604562,43606,652256,45988,47694,2382,7.312159642839622,5.462551025088291
138,"St. Johns County, Florida",191495,64346,226578,73640,35083,9294,15.483851035846374,14.443788269667113
139,"St. Lucie County, Florida",278246,43923,298763,47132,20517,3209,6.867316233937936,7.305967260888373
141,"Sarasota County, Florida",380479,48900,404839,55236,24360,6336,6.017206840250075,12.957055214723926
142,"Seminole County, Florida",423389,58577,449260,60739,25871,2162,5.758580777278191,3.690868429588405
147,"Volusia County, Florida",495581,43419,518660,43838,23079,419,4.449735857787375,0.9650153158755383
175,"Chatham County, Georgia",266344,45653,285506,52215,19162,6562,6.711592751115564,14.37364466738221
178,"Cherokee County, Georgia",215014,67928,235896,75477,20882,7549,8.852206056906434,11.113237545636556
181,"Clayton County, Georgia",262066,42569,274150,44106,12084,1537,4.407805945650192,3.610608658883225
183,"Cobb County, Georgia",691820,65180,739072,72004,47252,6824,6.393423103567717,10.469469162319731
194,"DeKalb County, Georgia",694671,51252,736066,55876,41395,4624,5.623816342556238,9.022086942948567
208,"Forsyth County, Georgia",177103,87585,211300,96445,34197,8860,16.18409843823947,10.115887423645601
210,"Fulton County, Georgia",929535,57664,1010420,61336,80885,3672,8.005086993527444,6.367924528301887
217,"Gwinnett County, Georgia",810624,61944,889954,64496,79330,2552,8.913943866761652,4.119850187265917
225,"Henry County, Georgia",203185,62377,217506,64752,14321,2375,6.584186183369654,3.8074931465123365
271,"Richmond County, Georgia",200337,38952,201568,39430,1231,478,0.6107120177806,1.2271513657835285
291,"Mobile County, Alabama",412297,42973,414328,45802,2031,2829,0.4901913459867544,6.58320340679031
293,"Montgomery County, Alabama",229376,44401,227120,46545,-2256,2144,-0.9933075026417753,4.82872007387221
301,"Shelby County, Alabama",195237,69379,208721,74063,13484,4684,6.4602986762232835,6.7513224462733685
305,"Tuscaloosa County, Alabama",194254,43996,204424,50513,10170,6517,4.974954017140845,14.812710246386034
312,"Anchorage Municipality, Alaska",291470,76495,298225,82271,6755,5776,2.26506832089865,7.550820315053272
344,"Maricopa County, Arizona",3841819,54385,4155501,58580,313682,4195,7.548596426760576,7.7135239496184616
345,"Mohave County, Arizona",201216,39383,204691,41567,3475,2184,1.6976808946167636,5.545539953787167
347,"Pima County, Arizona",981048,46443,1007257,48676,26209,2233,2.60201716145929,4.808044269319381
348,"Pinal County, Arizona",368374,50164,405537,52628,37163,2464,9.16389873180499,4.911889004066661
350,"Yavapai County, Arizona",211280,43652,220972,48259,9692,4607,4.386076063935702,10.553926509667368
351,"Yuma County, Arizona",196420,41156,204281,43253,7861,2097,3.8481307610595215,5.09524735154048
355,"Benton County, Arkansas",222028,53515,251823,61271,29795,7756,11.83172307533466,14.49313276651406
411,"Pulaski County, Arkansas",383185,46102,392848,48850,9663,2748,2.4597299718975276,5.9606958483362975
423,"Washington County, Arkansas",204057,41429,223683,47452,19626,6023,8.774023953541397,14.538125467667577
427,"Alameda County, California",1515136,71516,1629615,85743,114479,14227,7.02491079181279,19.893450416689973
430,"Butte County, California",220101,43339,225207,46516,5106,3177,2.2672474656649215,7.330579847250744
433,"Contra Costa County, California",1052047,78187,1123678,88456,71631,10269,6.374690970188969,13.133896939388901
436,"Fresno County, California",930517,45741,971616,48730,41099,2989,4.229963277673484,6.53461883211998
441,"Kern County, California",839153,47727,878744,50826,39591,3099,4.505407718288831,6.493179961028349
445,"Los Angeles County, California",9840024,56241,10105722,61015,265698,4774,2.6291837436256413,8.488469266193702
447,"Marin County, California",252759,90962,260814,104703,8055,13741,3.0884078308679745,15.106308128669117
450,"Merced County, California",256398,43565,267390,46338,10992,2773,4.110849321216201,6.365201423160795
453,"Monterey County, California",416199,60143,433168,63249,16969,3106,3.917417722454106,5.1643582794340155
456,"Orange County, California",3021840,75566,3155816,81851,133976,6285,4.245367917521174,8.317232617844004
457,"Placer County, California",350074,73356,374985,80488,24911,7132,6.6431990612957845,9.722449424723267
459,"Riverside County, California",2192982,57096,2355002,60807,162020,3711,6.8798243058816935,6.49957965531736
460,"Sacramento County, California",1422348,55846,1495400,60239,73052,4393,4.885114350675405,7.866275113705547
462,"San Bernardino County, California",2041029,54750,2121220,57156,80191,2406,3.780418815587257,4.394520547945206
463,"San Diego County, California",3100500,63373,3283665,70588,183165,7215,5.578065972016025,11.384974673756963
464,"San Francisco County, California",807755,73802,864263,96265,56508,22463,6.5382875351600145,30.43684452995854
465,"San Joaquin County, California",687036,53895,724153,57813,37117,3918,5.125574291620694,7.269691065961592
466,"San Luis Obispo County, California",270121,59628,280119,67175,9998,7547,3.5691973768291336,12.656805527604481
467,"San Mateo County, California",721183,87751,763450,105667,42267,17916,5.536315410308468,20.416861346309446
468,"Santa Barbara County, California",423594,62723,442996,68023,19402,5300,4.379723518948253,8.44985093187507
469,"Santa Clara County, California",1788393,90747,1911226,106761,122833,16014,6.426921776911783,17.64686435915237
470,"Santa Cruz County, California",262340,66571,273263,73663,10923,7092,3.997248072369842,10.653287467515886
474,"Solano County, California",414209,69006,434981,72950,20772,3944,4.775380993652596,5.71544503376518
475,"Sonoma County, California",483456,63565,500943,71769,17487,8204,3.4908163204196887,12.906473688350506
476,"Stanislaus County, California",515115,49866,535684,54260,20569,4394,3.839763741310175,8.8116151285445
480,"Tulare County, California",441877,43803,458809,44871,16932,1068,3.690424555751958,2.438189165125676
482,"Ventura County, California",822794,76483,847834,81972,25040,5489,2.953408332291463,7.17675823385589
483,"Yolo County, California",200873,57260,212605,61621,11732,4361,5.518214529291409,7.616136919315404
485,"Adams County, Colorado",442996,56633,487850,64087,44854,7454,9.19421953469304,13.161937386329525
487,"Arapahoe County, Colorado",574357,60400,626612,69553,52255,9153,8.339291299879351,15.153973509933774
491,"Boulder County, Colorado",297218,67403,316782,75669,19564,8266,6.17585595141138,12.263549100188419
501,"Denver County, Colorado",604356,49091,678467,60098,74111,11007,10.92330209133237,22.42162514513862
503,"Douglas County, Colorado",286883,101108,320940,111154,34057,10046,10.611640805134916,9.935910115915654
506,"El Paso County, Colorado",622816,57531,674826,62535,52010,5004,7.707171922836404,8.697919382593732
515,"Jefferson County, Colorado",536095,68748,564029,75170,27934,6422,4.952582225382028,9.341362657822772
520,"Larimer County, Colorado",300870,57927,330976,64980,30106,7053,9.096127815914144,12.175669376974469
532,"Fayette County, Kentucky",296766,48779,315109,53013,18343,4234,5.821160296913132,8.679964738924536
554,"Jefferson County, Kentucky",741285,46701,764378,52237,23093,5536,3.0211492219817946,11.854135885741204
627,"Caddo Parish, Louisiana",254970,40497,251069,40391,-3901,-106,-1.553756138750702,-0.2617477837864533
635,"East Baton Rouge Parish, Louisiana",439662,48274,446167,51436,6505,3162,1.4579742562762374,6.55010978994904
644,"Jefferson Parish, Louisiana",432706,48522,437038,50868,4332,2346,0.9912181549430484,4.834920242364289
646,"Lafayette Parish, Louisiana",221602,49705,238230,53950,16628,4245,6.979809427863828,8.540388290916406
654,"Orleans Parish, Louisiana",341407,36681,388182,38721,46775,2040,12.049760164046761,5.561462337449906
670,"St. Tammany Parish, Louisiana",234283,60813,249201,66539,14918,5726,5.986332318088611,9.4157499218917
685,"Cumberland County, Maine",282143,57159,289173,65702,7030,8543,2.4310706739564205,14.946027747161427
698,"York County, Maine",197861,56656,201454,62618,3593,5962,1.7835337099288175,10.523157300197685
700,"Anne Arundel County, Maryland",538473,86987,564600,94502,26127,7515,4.627523910733262,8.639221952705576
701,"Baltimore County, Maryland",807318,66068,828637,71810,21319,5742,2.5727791542014176,8.691045589392747
708,"Frederick County, Maryland",234268,83706,246105,88502,11837,4796,4.809735681924382,5.7295773301794375
710,"Harford County, Maryland",245396,80441,250132,83445,4736,3004,1.893400284649705,3.7344140425902212
711,"Howard County, Maryland",288676,107821,312495,115576,23819,7755,7.622201955231284,7.192476419250424
713,"Montgomery County, Maryland",974824,96985,1039198,103178,64374,6193,6.194584670101367,6.385523534567201
714,"Prince George's County, Maryland",865443,73568,905161,78607,39718,5039,4.387948663276478,6.849445411048281
722,"Baltimore city, Maryland",620644,40803,619796,46641,-848,5838,-0.1368192114824878,14.307771487390633
723,"Barnstable County, Massachusetts",216021,60424,213900,68048,-2121,7624,-0.9915848527349228,12.61750297894876
725,"Bristol County, Massachusetts",548739,55995,557016,62514,8277,6519,1.4859537248481194,11.642110902759175
727,"Essex County, Massachusetts",744961,66918,775860,73533,30899,6615,3.982548397906839,9.885232672823456
729,"Hampden County, Massachusetts",464072,49729,469188,52205,5116,2476,1.090394468741741,4.978986104687406
731,"Middlesex County, Massachusetts",1507558,81420,1582857,92878,75299,11458,4.757157469057534,14.07270940800786
733,"Norfolk County, Massachusetts",672078,84087,694389,95668,22311,11581,3.213040529155848,13.772640241654477
734,"Plymouth County, Massachusetts",495407,74722,509114,82081,13707,7359,2.692324312432972,9.848505125665802
735,"Suffolk County, Massachusetts",724502,52700,780685,61242,56183,8542,7.196628601804825,16.20872865275142
736,"Worcester County, Massachusetts",799277,65968,818249,69313,18972,3345,2.3186096163881653,5.070640310453553
761,"Genesee County, Michigan",425337,42730,410881,45231,-14456,2501,-3.518293617860159,5.853030657617599
769,"Ingham County, Michigan",281323,45567,286185,49109,4862,3542,1.6989010605028216,7.77316917945004
775,"Kalamazoo County, Michigan",250704,46011,259830,51945,9126,5934,3.5122965015587115,12.896915954880356
777,"Kent County, Michigan",605244,51030,636376,57302,31132,6272,4.892076382515997,12.290809327846365
786,"Macomb County, Michigan",841769,53628,864019,58175,22250,4547,2.5751748514789603,8.47877974192586
799,"Oakland County, Michigan",1207097,65637,1241860,73369,34763,7732,2.7992688386774676,11.779941191705898
806,"Ottawa County, Michigan",264835,55760,280243,63962,15408,8202,5.498085590005816,14.709469153515064
817,"Washtenaw County, Michigan",346010,59063,361509,65618,15499,6555,4.287306816704425,11.098318744391582
818,"Wayne County, Michigan",1822469,41504,1763822,43702,-58647,2198,-3.3249953793523384,5.295875096376252
821,"Anoka County, Minnesota",331649,69916,344861,76796,13212,6880,3.8311087655606175,9.840379884432748
838,"Dakota County, Minnesota",399443,73288,414655,79995,15212,6707,3.6685919619924996,9.151566422879597
846,"Hennepin County, Minnesota",1158039,63559,1224763,71154,66724,7595,5.4479111468912755,11.949527210937868
902,"Honolulu County, Hawaii",955215,72292,990060,80078,34845,7786,3.5194836676565053,10.770209705084934
906,"Ada County, Idaho",394961,55499,435117,60151,40156,4652,9.228782143653316,8.38213301140561
919,"Canyon County, Idaho",189396,42691,207027,46426,17631,3735,8.51628048515411,8.748916633482468
959,"Champaign County, Illinois",200931,45088,207946,49586,7015,4498,3.373471959066296,9.976046841731725
965,"Cook County, Illinois",5197677,54648,5238541,59426,40864,4778,0.7800645255997806,8.743229395403308
971,"DuPage County, Illinois",918608,78538,931826,84442,13218,5904,1.4185051715663655,7.517380121724515
994,"Kane County, Illinois",514891,68674,529402,74862,14511,6188,2.7410172232065615,9.010688178932346
998,"Lake County, Illinois",701282,79085,704476,82613,3194,3528,0.453386630630426,4.461022949990516
1005,"McHenry County, Illinois",308163,77325,308043,82230,-120,4905,-0.03895560035449596,6.343355965082444
1009,"Madison County, Illinois",268586,52756,266153,56536,-2433,3780,-0.9141358541891319,7.165061793919175
1031,"St. Clair County, Illinois",268873,50490,264433,51103,-4440,613,-1.679064262024785,1.2141018023370964
1048,"Will County, Illinois",677669,76352,687727,80782,10058,4430,1.4624989276268052,5.80207460184409
1050,"Winnebago County, Illinois",294433,47573,287512,51110,-6921,3537,-2.4072038732296392,7.434889538183423
1053,"Allen County, Indiana",355940,50030,367747,51091,11807,1061,3.2106312220086095,2.120727563461923
1071,"Elkhart County, Indiana",198214,46712,202924,52449,4710,5737,2.321066014862707,12.281640691899298
1080,"Hamilton County, Indiana",276098,84821,309687,90582,33589,5761,10.846112365065371,6.791950106695276
1096,"Lake County, Indiana",495230,49315,488694,52559,-6536,3244,-1.3374422440218214,6.578120247389233
1100,"Marion County, Indiana",904535,42603,939964,44869,35429,2266,3.7691869050304057,5.318874257681384
1122,"St. Joseph County, Indiana",266785,44989,268613,48121,1828,3132,0.6805329600577783,6.9617017493165
1200,"Linn County, Iowa",211954,56790,220008,62702,8054,5912,3.660775971782844,10.410283500616305
1220,"Polk County, Iowa",431811,58096,467235,63530,35424,5434,7.581623808147935,9.353483888735886
1288,"Johnson County, Kansas",546046,75139,578797,81121,32751,5982,5.658460565621453,7.961245158972038
1329,"Sedgwick County, Kansas",497062,49885,510484,52841,13422,2956,2.629269477593813,5.9256289465771275
1440,"Douglas County, Nebraska",518271,53295,549706,58640,31435,5345,5.718511349703296,10.029083403696406
1467,"Lancaster County, Nebraska",286425,51810,306357,55747,19932,3937,6.506134999363487,7.5989191275815475
1507,"Clark County, Nevada",1954773,54218,2112436,54882,157663,664,7.463563393163154,1.2246855287911762
1520,"Washoe County, Nevada",422010,53994,445551,58595,23541,4601,5.2835702310173245,8.521317183390748
1528,"Hillsborough County, New Hampshire",401101,70472,406371,75777,5270,5305,1.2968445090816028,7.527812464524917
1530,"Rockingham County, New Hampshire",295872,77939,302479,85619,6607,7680,2.184283867640398,9.853860070054786
1533,"Atlantic County, New Jersey",274402,54559,272926,57514,-1476,2955,-0.5408059327436741,5.4161549881779365
1534,"Bergen County, New Jersey",906781,84255,937920,91572,31139,7317,3.320005970658478,8.684351077087413
1535,"Burlington County, New Jersey",449117,78229,449192,82839,75,4610,0.01669664642291047,5.892955297907426
1536,"Camden County, New Jersey",513660,62320,510996,65037,-2664,2717,-0.5213348049691192,4.359756097560975
1539,"Essex County, New Jersey",783840,55027,800401,57365,16561,2338,2.06908786970531,4.248823304923038
1540,"Gloucester County, New Jersey",288187,74915,291372,81489,3185,6574,1.0931043477067117,8.775278649135688
1541,"Hudson County, New Jersey",636194,58722,679756,62681,43562,3959,6.408475982558448,6.7419365825414665
1543,"Mercer County, New Jersey",366442,73759,373362,77027,6920,3268,1.8534291116932093,4.430645751704876
1544,"Middlesex County, New Jersey",811064,79442,837288,83133,26224,3691,3.132016701541166,4.646156944689207
1545,"Monmouth County, New Jersey",629263,84746,627551,91807,-1712,7061,-0.27280651293679714,8.331956670521322
1546,"Morris County, New Jersey",493472,97979,498847,107034,5375,9055,1.077484679671322,9.241776299002847
1547,"Ocean County, New Jersey",575961,61038,589699,65771,13738,4733,2.329663099309987,7.754185916969757
1548,"Passaic County, New Jersey",500168,57540,510563,63339,10395,5799,2.0359877233563735,10.07820646506778
1550,"Somerset County, New Jersey",323650,98571,333316,106046,9666,7475,2.899950797441467,7.583366304491179
1552,"Union County, New Jersey",536383,69347,557320,73376,20937,4029,3.756728629871528,5.809912469176749
1554,"Bernalillo County, New Mexico",661924,48398,674855,50386,12931,1988,1.9161153136599713,4.107607752386462
1586,"Albany County, New York",304511,59359,308580,62293,4069,2934,1.3186207790524338,4.942805640256743
1588,"Bronx County, New York",1386364,34300,1455846,36593,69482,2293,4.772620180980681,6.685131195335277
1599,"Dutchess County, New York",297291,71508,295685,75585,-1606,4077,-0.5431455772189999,5.701459976506125
1600,"Erie County, New York",919542,49977,923995,54006,4453,4029,0.4819290147673959,8.061708385857495
1609,"Kings County, New York",2512740,45215,2635121,52782,122381,7567,4.644226963391814,16.735596594050648
1612,"Lucas County, Ohio",441198,41436,433404,44820,-7794,3384,-1.7983221197773902,8.166811468288444
1614,"Mahoning County, Ohio",238352,41112,231857,43251,-6495,2139,-2.8012956261833803,5.202860478692353
1621,"Montgomery County, Ohio",535626,43895,531987,47045,-3639,3150,-0.6840392716363369,7.176215969928237
1640,"Stark County, Ohio",375593,45689,374273,50117,-1320,4428,-0.35268373620325266,9.691610672153034
1641,"Summit County, Ohio",541788,49227,541318,53291,-470,4064,-0.08682511943072278,8.255632071830501
1642,"Trumbull County, Ohio",209942,42488,203341,45380,-6601,2892,-3.2462710422393912,6.806627753718697
1647,"Warren County, Ohio",213146,72055,223868,79397,10722,7342,4.789429485232369,10.189438623273887
1666,"Cleveland County, Oklahoma",256550,54883,274024,60632,17474,5749,6.376813709748051,10.475010476832534
1707,"Oklahoma County, Oklahoma",721088,45082,774203,50762,53115,5680,6.860603743462631,12.599263564171952
1724,"Tulsa County, Oklahoma",602692,47845,637123,52017,34431,4172,5.404137034764088,8.719824433065106
1732,"Clackamas County, Oregon",377206,63951,399962,72408,22756,8457,5.689540506348103,13.224187268377353
1744,"Jackson County, Oregon",203613,43664,212070,48688,8457,5024,3.9878342056868012,11.50604617075852
1749,"Lane County, Oregon",351794,42628,363471,47710,11677,5082,3.212635946196533,11.921741578305339
1753,"Marion County, Oregon",315391,46654,330453,53828,15062,7174,4.557985553164897,15.377030908389418
1755,"Multnomah County, Oregon",737110,51582,788459,60369,51349,8787,6.512577064882258,17.03501221356287
1763,"Washington County, Oregon",531818,64375,572071,74033,40253,9658,7.036364367359996,15.002718446601943
1767,"Allegheny County, Pennsylvania",1224772,50664,1229605,56333,4833,5669,0.3930530536229114,11.189404705510816
1771,"Berks County, Pennsylvania",411094,55021,415500,59580,4406,4559,1.0604091456077016,8.285927191435997
1774,"Bucks County, Pennsylvania",625485,76859,626486,82031,1001,5172,0.15978010681802945,6.729205428121625
1780,"Chester County, Pennsylvania",499548,86184,514652,92417,15104,6233,2.934798660065442,7.23220087255175
1786,"Cumberland County, Pennsylvania",235314,60883,245801,65544,10487,4661,4.26645945297212,7.655667427689174
1787,"Dauphin County, Pennsylvania",267891,54066,273329,57071,5438,3005,1.9895437366689959,5.558021677209337
1788,"Delaware County, Pennsylvania",558874,64242,563384,69839,4510,5597,0.8005197165698706,8.712368855266025
1790,"Erie County, Pennsylvania",280181,45249,277794,48192,-2387,2943,-0.8592698186425912,6.504011138367699
1800,"Lackawanna County, Pennsylvania",214353,45483,211960,48380,-2393,2897,-1.128986601245518,6.36941274761999
1801,"Lancaster County, Pennsylvania",519913,56172,536494,61492,16581,5320,3.090621703131815,9.470910774051129
1804,"Lehigh County, Pennsylvania",350165,54645,360774,60116,10609,5471,2.9406221069145784,10.011894958367645
1805,"Luzerne County, Pennsylvania",320555,43486,318222,49290,-2333,5804,-0.7331359868268064,13.34682426528078
1811,"Montgomery County, Pennsylvania",799886,78984,818677,84791,18791,5807,2.29528861809969,7.352121948749114
1813,"Northampton County, Pennsylvania",297519,59551,300941,65390,3422,5839,1.1370999631156937,9.80504105724505
1816,"Philadelphia County, Pennsylvania",1525811,37016,1569657,40649,43846,3633,2.7933491202218064,9.814674735249621
1828,"Washington County, Pennsylvania",207916,53326,207661,59309,-255,5983,-0.12279628818121842,11.219667704309343
1830,"Westmoreland County, Pennsylvania",364877,49734,356835,56702,-8042,6968,-2.253702691720263,14.010536051795553
1832,"York County, Pennsylvania",434579,58747,442216,61707,7637,2960,1.7269840982687195,5.038555160263503
1836,"Providence County, Rhode Island",627414,49213,633704,52530,6290,3317,0.9925769760014139,6.740089000873753
1845,"Berkeley County, South Carolina",179773,51476,204632,56697,24859,5221,12.148148872121663,10.142590721889814
1847,"Charleston County, South Carolina",352548,50289,387847,57882,35299,7593,9.101269314961828,15.098729344389431
1853,"Monroe County, New York",744746,52700,748680,55272,3934,2572,0.5254581396591333,4.88045540796964
1855,"Nassau County, New York",1338712,97049,1363069,105744,24357,8695,1.7869234792956188,8.959391647518263
1856,"New York County, New York",1596735,68370,1653877,79781,57142,11411,3.4550332340313092,16.690068743600996
1857,"Niagara County, New York",215869,47736,212675,51656,-3194,3920,-1.501822028917362,8.211831741243506
1858,"Oneida County, New York",234336,49148,232324,51316,-2012,2168,-0.8660319209380004,4.41116627329698
1859,"Onondaga County, New York",466179,53593,467669,57271,1490,3678,0.318601403984442,6.862836564476704
1861,"Orange County, New York",372951,70712,378174,75146,5223,4434,1.3811102825683417,6.270505713315987
1866,"Queens County, New York",2235008,56780,2339280,62008,104272,5228,4.457439896036387,9.207467418104967
1868,"Richmond County, New York",468374,73496,475948,76244,7574,2748,1.5913503155806936,3.7389789920539895
1869,"Rockland County, New York",312011,86020,325027,88571,13016,2551,4.004590387875469,2.965589397814462
1871,"Saratoga County, New York",219832,67712,226632,77548,6800,9836,3.000458893713156,14.526228733459357
1877,"Suffolk County, New York",1492360,87778,1497595,92838,5235,5060,0.34956046194064483,5.764542368247169
1885,"Westchester County, New York",950227,81093,975321,89968,25094,8875,2.572896513045449,10.94422453232708
1898,"Buncombe County, North Carolina",239000,44206,252268,48464,13268,4258,5.259485943520383,9.632176627607112
1913,"Cumberland County, North Carolina",319329,45413,332766,44737,13437,-676,4.037972629415265,-1.4885605443375245
1919,"Durham County, North Carolina",269283,50997,300865,56393,31582,5396,10.497066790753328,10.58101456948448
1921,"Forsyth County, North Carolina",351368,45809,368362,48369,16994,2560,4.613396604427167,5.588421489227008
1923,"Gaston County, North Carolina",206291,43220,214049,46626,7758,3406,3.6244037580180235,7.880610828320222
1928,"Guilford County, North Carolina",489576,46223,517197,49253,27621,3030,5.340518216462972,6.5551781580598405
1947,"Mecklenburg County, North Carolina",926873,55961,1034290,61695,107417,5734,10.385578512796217,10.24642161505334
1952,"New Hanover County, North Carolina",203276,50420,219866,51457,16590,1037,7.5455049894026365,2.0567235224117417
1977,"Union County, North Carolina",201617,64953,222095,70858,20478,5905,9.220378666786736,9.091189013594445
1979,"Wake County, North Carolina",905573,65826,1023811,73577,118238,7751,11.548811255202377,11.77498252969951
2049,"Butler County, Ohio",368029,56253,375702,62188,7673,5935,2.0423101287722716,10.550548415195635
2053,"Clermont County, Ohio",197543,60590,202166,64183,4623,3593,2.286734663593285,5.930021455685757
2058,"Cuyahoga County, Ohio",1278024,43861,1257401,46720,-20623,2859,-1.640129123485666,6.518319235767539
2065,"Franklin County, Ohio",1167484,50700,1253507,56319,86023,5619,6.862586327798728,11.08284023668639
2071,"Hamilton County, Ohio",801350,49104,808703,52389,7353,3285,0.9092336741671542,6.689882697947214
2083,"Lake County, Ohio",229873,56231,229701,61137,-172,4906,-0.07487995263407647,8.72472479593107
2087,"Lorain County, Ohio",301108,51756,305405,54987,4297,3231,1.4069841685630555,6.2427544632506375
2089,"Ramsey County, Minnesota",510885,53152,537893,60301,27008,7149,5.021072964325619,13.45010535821794
2096,"St. Louis County, Minnesota",200150,46231,200294,50936,144,4705,0.07189431535642606,10.177153857801043
2109,"Washington County, Minnesota",238721,80747,250979,89598,12258,8851,4.884073966347782,10.961397946672943
2138,"Harrison County, Mississippi",188110,43593,200491,44684,12381,1091,6.175339541425799,2.502695386874039
2139,"Hinds County, Mississippi",246335,38152,243249,41011,-3086,2859,-1.2686588639624419,7.4937093730341795
2220,"Clay County, Missouri",222048,60560,236068,65675,14020,5115,5.938966738397411,8.446169088507267
2235,"Greene County, Missouri",275671,41458,286759,43175,11088,1717,3.866661552034984,4.141540836509238
2244,"Jackson County, Missouri",672784,47023,688554,50652,15770,3629,2.290306933080049,7.717499946834527
2246,"Jefferson County, Missouri",218628,55743,222639,60765,4011,5022,1.8015711533019823,9.009202949249232
2288,"St. Charles County, Missouri",360695,71416,385115,78380,24420,6964,6.340963088947457,9.751316231656771
2292,"St. Louis County, Missouri",999147,58485,999539,62931,392,4446,0.03921807953466548,7.60194921774814
2311,"St. Louis city, Missouri",318527,34384,314867,38664,-3660,4280,-1.1623955511374644,12.447650069799906
2335,"Arlington County, Virginia",209077,102459,229534,112138,20457,9679,8.912405133879949,9.446705511472882
2349,"Chesterfield County, Virginia",316895,72363,335594,76969,18699,4606,5.571911297579814,6.365131351657614
2357,"Fairfax County, Virginia",1083770,109383,1142004,117515,58234,8132,5.099281613724646,7.434427653291645
2371,"Henrico County, Virginia",307576,61300,324073,66447,16497,5147,5.090519728579672,8.396411092985318
2381,"Loudoun County, Virginia",314980,122068,374558,129588,59578,7520,15.90621479183464,6.160500704525346
2401,"Prince William County, Virginia",404011,96160,450763,101059,46752,4899,10.371747459307883,5.09463394342762
2428,"Chesapeake city, Virginia",223233,70244,235410,72214,12177,1970,5.172677456352746,2.80450999373612
2447,"Norfolk city, Virginia",243056,44164,245752,47137,2696,2973,1.0970409193007584,6.731727198623314
2453,"Richmond city, Virginia",205348,39445,220892,42356,15544,2911,7.036923021204933,7.379896057802003
2458,"Virginia Beach city, Virginia",439528,65980,450057,70500,10529,4520,2.339481443461606,6.850560775992726
2467,"Clark County, Washington",426984,58764,457474,67832,30490,9068,6.664859642296611,15.431216390987679
2478,"King County, Washington",1940777,71175,2118119,83571,177342,12396,8.3726174025161,17.41622760800843
2479,"Kitsap County, Washington",251400,61776,258903,68336,7503,6560,2.8979965469693285,10.619010619010618
2488,"Pierce County, Washington",798528,59105,845193,63881,46665,4776,5.52122414643756,8.080534641739277
2492,"Snohomish County, Washington",714443,68338,771904,78020,57461,9682,7.444060401293425,14.167812929848694
2493,"Spokane County, Washington",470375,49615,490764,52159,20389,2544,4.154542712994433,5.127481608384561
2495,"Thurston County, Washington",252410,63224,269885,66113,17475,2889,6.474980084109899,4.569467290902189
2498,"Whatcom County, Washington",201404,51639,212738,56419,11334,4780,5.327680057159511,9.25656964697225
2500,"Yakima County, Washington",242454,44256,248279,47470,5825,3214,2.3461509028149785,7.262292118582792
2560,"Brown County, Wisconsin",248526,53419,258004,56775,9478,3356,3.6735864560239375,6.282408880735319
2568,"Dane County, Wisconsin",490379,61790,522837,67631,32458,5841,6.208053370362082,9.45298592005179
2596,"Milwaukee County, Wisconsin",946584,43599,956586,46784,10002,3185,1.0455933914985167,7.3052134223262
2623,"Waukesha County, Wisconsin",389740,75689,396731,81140,6991,5451,1.7621511805228227,7.201839104757626
2682,"Greenville County, South Carolina",452931,48438,490332,53739,37401,5301,7.627688994395634,10.943887030843552
2685,"Horry County, South Carolina",270943,42183,310186,46475,39243,4292,12.65144139322858,10.17471493255577
2691,"Lexington County, South Carolina",262424,53644,281870,57482,19446,3838,6.898925036364282,7.1545746029378865
2699,"Richland County, South Carolina",384596,48420,404869,52082,20273,3662,5.007298657096493,7.562990499793473
2701,"Spartanburg County, South Carolina",284540,43421,297732,47575,13192,4154,4.430830411242325,9.566799474908455
2705,"York County, South Carolina",226576,52571,251664,59394,25088,6823,9.968847352024921,12.978638412813147
2789,"Davidson County, Tennessee",629113,46676,678322,53419,49209,6743,7.254519240124896,14.446396434998714
2803,"Hamilton County, Tennessee",337023,46544,354589,50273,17566,3729,4.953904379436475,8.01177380543142
2817,"Knox County, Tennessee",433207,47270,452286,52458,19079,5188,4.218348567057128,10.975248572033001
2845,"Rutherford County, Tennessee",263815,55105,298456,62149,34641,7044,11.606736001286622,12.782869068142636
2849,"Shelby County, Tennessee",929437,46251,937847,48415,8410,2164,0.8967347552425928,4.678817755291777
2864,"Williamson County, Tennessee",184225,91146,212161,103543,27936,12397,13.16735875113711,13.601255129133477
2879,"Bell County, Texas",310155,50085,336506,52583,26351,2498,7.8307667619596675,4.987521213936309
2880,"Bexar County, Texas",1719902,49141,1892004,53999,172102,4858,9.096280980378477,9.88583870902098
2885,"Brazoria County, Texas",313813,68008,345995,76426,32182,8418,9.301290481076316,12.377955534642982
2886,"Brazos County, Texas",194087,37638,214231,43907,20144,6269,9.402934215869784,16.656039109410703
2896,"Cameron County, Texas",405819,32558,420201,36095,14382,3537,3.4226477328706975,10.863689415811782
2908,"Collin County, Texas",788580,83238,914075,90124,125495,6886,13.729179771900554,8.272663927533099
2922,"Dallas County, Texas",2379214,49159,2552213,53626,172999,4467,6.778391928886814,9.08684065989951
2926,"Denton County, Texas",667934,72939,781321,80290,113387,7351,14.512217129707253,10.078284593975788
2936,"El Paso County, Texas",801115,39699,834825,43244,33710,3545,4.037972030066181,8.929695962114915
2944,"Fort Bend County, Texas",587666,84211,711421,93645,123755,9434,17.395466256970206,11.20281198418259
2949,"Galveston County, Texas",292874,61555,321184,65702,28310,4147,8.814262229749925,6.737064413938754
2966,"Harris County, Texas",4101752,53160,4525519,57791,423767,4631,9.36394256658739,8.711437170805118
2973,"Hidalgo County, Texas",774820,33218,839539,37097,64719,3879,7.708873560370632,11.677403817207537
2988,"Jefferson County, Texas",251627,43750,254574,46315,2947,2565,1.1576201811653979,5.862857142857143
3017,"Lubbock County, Texas",278339,43993,298042,49078,19703,5085,6.610813241086827,11.55865705907758
3020,"McLennan County, Texas",234626,41589,245720,46262,11094,4673,4.514895002441803,11.236144172737983
3035,"Montgomery County, Texas",458339,66422,535187,74323,76848,7901,14.359093176777463,11.895155219656138
3043,"Nueces County, Texas",340568,46499,358484,53317,17916,6818,4.997712589683221,14.662680917869201
3077,"Smith County, Texas",209691,47312,222277,50742,12586,3430,5.662304242004346,7.249746364558675
3085,"Tarrant County, Texas",1814667,56859,1983675,62532,169008,5673,8.519944043253053,9.97731229884451
3092,"Travis County, Texas",1034842,56403,1176584,68350,141742,11947,12.04690867800344,21.181497438079536
3105,"Webb County, Texas",250320,38421,269624,40442,19304,2021,7.159600035605139,5.260144191978345
3111,"Williamson County, Texas",426296,70849,508313,79123,82017,8274,16.135137208767038,11.678358198421996
3125,"Davis County, Utah",306664,69355,334977,75961,28313,6606,8.452222092860106,9.524908081609112
3137,"Salt Lake County, Utah",1032226,59626,1106700,67922,74474,8296,6.729375621216229,13.913393486063127
3144,"Utah County, Utah",516571,59864,576496,67042,59925,7178,10.394694846104743,11.990511826807431
3148,"Weber County, Utah",230940,54923,244101,62036,13161,7113,5.391620681603107,12.950858474591701
3187,"San Juan Municipio, Puerto Rico",393633,23100,355181,21677,-38452,-1423,-10.826029545499336,-6.16017316017316
